23 49 15 45 15 85 75 92 94 63 14 45 72 32 29 65 73 25 44 38 91 48
26 20 33 51 70 59 18 87 80 89 69 55 72 74 28 78 50 41 15 90 98 78 33 6 96 88 2 74 77 46 37 27 29 93 11 80 3 47 8 76 95 32 33 85 38 61 5 52 16 85 42 82 71 60 30 49 40 39 76 87 100 29 51 43 55 27 93
29 50 14 35 81 53 34 95 93 12 94 18 30 9 30 32 38 71 58 27 26 14 51 67 78 19 60 64 65 89 33 39 56 93 21 56 20 97 94 8 76 89 66 62 38 41 80 91 98 45 47 72 24 60 25 7 29 4 30 90 19 57 85 92 22 66 43 7 65 28 71 10 70 84 35 75 97 83 69 10 8
57 55 40 91 67 91 97 42 81 80 25 6 7 26 95 58 25 52 89 31 78 72 24 100 5 84 19 36 70 21 62 1 79 98 78 2 95 37 2 29 10 80 31 15 100 67 44 80 56 19 5 49 43 27 58 20 54 2 66 46 47 21 91 47 76 60 75 29 21 20 71 41 55 62 43 5 41 74 40 62 65 87 17 43 52 33 36 58 80 91
23 90 38 65 54
9
87 46 99 3 52 17 97 80 66 22 16 60 51 2 22 75 61 66 93 47 66 75 59 8 96 59 6 90 92 4 10 14 7 28 37 41 10 8 82 75 67 36 75 25 28 65 10 62 45 11 21 4 88 71 58 68 67 37 74 93 66 51 2 74 25 18 23 78 87 71 95 41 55 43 25 18 24 28 81 45 66 92 73 42 72 19 67 53 72 43
13 81 69 22 20 50 81 73 52 62 12 21 27 77 88 50 17 16 17 10 7 68 99 57 47 92 9 17 62 97 83 64 24 9 34 71 58 44 100 12 82 80 46 66 23 89 12 95 52 91 26 100 86 65 26 25 14 29 41 66 14 85 36 82 55 62 67 34 35 89 5 32 94 45 4 12
3 82 90 34 67 6 93 64 11 54 77 84 95 75 64 43 30 14 81 41 47 64 90
64 90 100 98 52 88 30 19 88 70 34 75 15 84 51 29 83 93 7 20 89 84 66 35 26 69 26 71 60 54 50 51 6 46 50 36 47 32 77 90 72 70 59 4 30 83 2
24 30 23 3 3 29 67 49 30 13 26 31 58 40 83 35 42 22 35 28 43 99 29 61 2 86 100 37 21 13 38 62 14 76 9 49 78 45 52
18 23 92 86 52 48 86 23 27 47 44 74 48 95 65 77 68 51 20 85 62 30 27 1 52 32 20 74 15 95 44 89 79 4 100 39 81 49 52 39 4 25 77 94 24 15 81 86 59 79 48 28 77 90 12 60 86 61 38 90 87 24 79 85 51 82 35 21 50 58 28 69 76 85 16 90 51 8 24 53 29 8 56 24 50 93 31 15 90 34 23 17 3 61 32
82 7 91 53 13 12 60 51 5 26 28 84 4 100 57 56 94 38 53 55 66 4 71 58 27 95 33 15 2 21 97 71 70 33 78 86 72 86 15 74 83 90 30 94 42 22 44 65 88 59 78 87 86 40 52 92 59 59 19 23 62 69 12 44 95 74 28 92 14 35 66 11 3 42 9 22 30 71 58 4 24 88 57 87 80 88 4 75
17 9 20 32 40 17 20 48 19 92 45 82 77 8 22 100 57 88 79 19 95
49 79 3 96 6 72 7 27 88 34 84 46 31 69 71 55 55 29 81 23 11 98 50 91 50 63 1 88 35 4 99 36 14 6 79 13 85 24 14 39 32 14 14 14 41 52 74 41 95 42 35 45 20 5 30 28
27 4 35 30 44 67 26 21 63 42 18 75 75 96 91 54 50 88 42 40 47 6 11 10 92 57 86 16 56 27 19 28 25 75 20 37 4 65 3 82 82 84 48 51 29 19 51 52 71 89 20 45 48 23 32 20 25 1
45 88 74 35 68 80 16 12 47 2 28 73 41 19 24 29 57 3 32 33 2 42 97 81 44 26 88 21 79 89 79 12 15
69 90 84 1 13 76 36 10 64 7 97 17 49 80 70 55 80 63 51 34 49 97 18 79 18 14 30 93 83 70 39 83 77 30 56 45
62 78 17 88 58 20 30 58 9 55 80 60 90 96 42 63 47 63 20 91 58 96 26 84 8 90 28 68 29 85 28 81 75 85 63 52 45 46 20 60 61 79 93 46 63 79 74 45 82 61 49 73 19 3 60 24 55 6 23 1 41 54 30 99 28 15 49 13 3 15 61 72 70 52 77 95 50 56 98 32
82 56 51 39 99 55 59 47 22 43 84 50 43 31 57 77 69 66 73 92 16 51 32 61 41 40 33 71 43 33 21 77 42 17 3 22 54 18 58 93 72 99 70 69 41 21 47 44 62 84 43 20 92 74 53 99 7 77 96 3 3 24 91 78 83 15 74 14 76 7 68 71
79 14 69 16 84 76 17 69 97 17 27 68 50 23 65 55 95 21 15 19 84 14 1 83 71 27 64 46 79 23 66 22 16 31 71 88 57 85 1 7 34 29 51 12 77 34 2 23 43 63 2 72 88 74 36 53 62 96 94 65 87 61 20 15 15 26 42
8 35 39
88 26 43 1 70 75 78 83 81 95 58 50 54 8 83 65 70 9 79 3 51 64 22 75 57 9 66 47 56 70 63 24 59 94 46 63 87 8 96 12 84 14 9 31 77 70 45 8 5 52 19 16 79 57 51 100 31 68 86 57 42 31 87 14 7 94 34 51 89
41 64 48 23 34 92 91 6 52 66 90 96 40 54 83 65 65 56 39 93 45 97 45 44 49 98 17 39 34 51 50 38 76 8 83 55 5 69 13 4 78 3 44 83 23 10 18 33 79 94 41 23 95 84 34 40 99 36 72 64 2 6 65 22 66 30 41 49 24 24 83 42 52 88 46 58 96 53 4 35 89 52 2 71
86 81 71 69 90 92 44 3 31 62 72 1 16 61 20 43 79 3 84 24 66 14 57 90 57 58 49 88 45 23 96 85 70 87 80 81 98 24 21 53 47 55 11 94 86 44 75 79 42 72 62 19 37 5 91 99 4 85 84 16 17 89 17 6 87 78 59 78 100 44 88 9 95 65 70 76 25 6 96 75 3 35 35 12
23 53 29 37 20 7 22 84 53 80 47 60 69 14 78 16 25 13 50 2 92 69 39 6 76 74 5 52 90 39 96 42 31 83 21 10 90 55 53 30 2 87 58 18 72 73 42 90 82 6 47 22 5 98 20 79 59 21 11 44 31 64 58
16 10 90 1 81 65 15 71 56 23 73 17 71 38 35 15 79 77 29 30 57 53 89 49 43 40 50 95 24 64 83 60 78 72 79 49 27 34 10 61
60 58 83 36 41 67 39 73 58 5 20 67 77 8 99 70 72 35 77 31 41 70 63 79 19 95 52 8 70 89 89 59 65 33 9 60 9 9 39 18 25 14 98 47 69 82 62 92 33 49 67 18 43 98 39 52 53 49 76 77 27 70 88 92
20 57 55 37 10 14 29 80 18 54 68 72 93 26 65 66 48 32 61 73 64
11 2 10 46 7 33 7 63 13 88 68 48 56 94 48 56 38 95 83 2 56 82 21 45 86 7 20 13 65 91 16 17 61 90 15 50 11 80 71 2 2 69 63 92 4 27 100 60 11 82 49 47 7 21 67 18 71 51 56 8 26 57 91 4 38 47 1 46 6 92 28 33 88 50 50 9 89 63 16 5 46 70 41 1 10 70 58 59 18 93 2 54 80 86 42 5 56 50
7 19 60 51 1 58 87 1 34 18 5 21 81 61 81 61 70
22 95 34 70 53 76 23 19 36 88 6 15 22 66 29 11 24 25 49 90 18 26 57 45 17 51 69 74 78 73 99 12 47 99 99 37 79 47 33 15 92 3 52 70 99 99 51 97 98 80 28 51
22 100 1 17 80 3 90 33 10 79 78 15 11 57 85 46 60 23 46 50 59 65 90 37 62 6 95 41 58 34 29 52 31 50 45 79 63 66 1 17 62 32 83 72 76 39 59 48 19 68 9 53 26 24 24 56 15 31 89 8 33 100 85 25 50 81 4 80 40 96 24 20 63 76 22 24 79 97 82 55 71 64 18 18 69 52 97 95
41 13 6 55 47 99 75 94 94 4 47 60 54 96 65 50 18 86 24 1 35 1 61 42 41 15 9 87 65 31 72 88 71 83 54 67 23 48 21 64 27 24 49 91 3 92 18 42 94 66 80 95 64 24 80 59 48 79 30 56 35 89 94 66 61 90 8 11 31 66 46 50 29 56 17 60 10 67 5 14 55 86 20 44 60 88 43 97 91 28 91 33 71 13 86 91 98 49 52
39 60 18 34 21 56 71 10 11 71 70 15 7 92 55 45 87 76 36 68 7 97 8 15 40 18 85 36 89 74 98 95 12 78 47 5 100 95 16 18 64 100 58 95 94 20 93 32 14 40 43 24 95 48 48 61 82 76 6 33 16 68 31 29 93 89 96 1 62 83 5 23 12 75 18 13 29 63 93 89 86 17 50 14 45 6 3 2 18 12 64 12 70 4
3 66 75 25 38 84 78 52 97 35 71 73 55 90 17 7 34 92 36 100 25 61 68 13 19 81 2 45 73
15 38 86 42 44 38 1 71 90 26 94 45 32 21 43 25 81 50 33 29 31 37 92 46 90 8 99 99 38 40 71 79 16 1 48 16 3 32 20 15 12 97 98 59 9 93 43 95 3 5 17 2 97 32 92 61 60 17 7 58 69 70 38 66 94 25 55 89 63 17 53 92 37 15 85 57
93 43 18 81 79 12 26 75 21 73 68 55 52 18 35 12 4 27 4 92 62 8
30 5 34 72 98 18 75 37 68 15 96 71 75 2 61 58 81 21 10 16 23 9 51 21 11 60 24 4 48 73 98 55 72 65 45 18 2 32 13 36 40 46 6 53 51 6 87 57 31 18 45 9 89 41 5 5 54 70 18 12 34
55 41 66 23 58 78 9 16 89 44 46 19 67 26 65 36 18 17 93 86 78 88 99 62 90 72 86 55 52 18 92 70 31 31 37 69 58
16 91 30 5 1 36 78 99 5 54 22 54 95 42 23 84 45
89 82 15 58 26 58 74 99 46 2 4 90 29 94 93 66 34 31 96 46 98 37 74 44
96 27 40 67 58 59 89 62 10 61 26 27 17 74 84 56 74 98 87 68 52 19 78 18 13 54 11 65 6 4 63 52 51 68 17 18
15 19 72 69 69 50 69 22 62 58 13 93 55 40 83 23 38 9 35 59 55 70 79 84 16 94 40 23 83 48 30 26 84 36 47 92 4 86 91 54 77 73 36 40 25 78 36 84 22 77 18 65 18 59 52 53 5 47 89 18 74 27 56 22 83 67 58 40 7 31 82 44 13 48
93 46 38 94 15 42 43 10 68 97 99 47 88 6 36 8 72 37 34 54 77 29 84 22 65 7 94 34 13 86 30 73 27 51 37 71 32 20 23 16 65 15 97 4 96 40 86 37 38 84 37
71 47 89 77 14 44 71 93 57 63 10 22 81 99 56 95 38 98 60 50 100 95 64 54 90 55 5 76 83 29 7 84 100 4 68 56 47 96 83 65 5 85 69 43 39 78 22
86 26 21 19 64 3 76 79 41 58 27 43 21 35 88 51 14 5 100 47 3 69 70 81 44 57 73 10 95 43 26 26 67 62 63 61 18 26 24 87 69 79 72 43 72 28 96 3 87 62 85 25 96 83 2 77 86 90 13 51 57 61 89 54 76 17 61 22 66 100 63
86 19 43 89 13 26 63 64 25 5 46 30 4 15 77 54 72 23 18 17 75 99 12 6 58 19 76 38 78 39 77 37 51 30 9 38 98 26 1 6 20 1 22 53 10 96 8 6 79 52 96 50 71 80 60 73 63 54 45 59 89 56 38 93 55 27 77 6
86 44 51 84 100 70 73 15 49 60 6 99 15 96 71 2 55 54 17 7 95 52 93 25 17 3 69 72 33 90 21 37 47 78 50 55 49 57 34 28 73 65 68 82 53 94 83 84 70 64 24 91 11 30 42 41
19 88 83 33 66 54 61 48 53 91 1 89 95 28 54 90 50 1 2 78 25 38 86 61 70 44 12 29 58 75 67 14 62 78 45 84 39 83 4 65 37 89 23 17 8 73 4 13 15 66 5 71 93 74 1 48 83 28 13 66 14 50 84 32 63 23 17 61 30 100 63 92 90 61 96 69 91
82 27 22 26 58 20 40 47 25 26 37 74 99 89 85 54 22 97 68 46 62 15 49
43 98 69 43 90 28 57 4 28 8 41 13 90 31 11 51 74 74 79 39 16 96 31 4 15 26 1 63 7 10 44 13 99 56 59 22 17 43 63 44 51 21 83 89 86 90 22 27 75 57 59 64 72 16 9 10 92 30 82 43 35 61 83 84 27 79 40 77 23 17 74 69 68 17 68 38 57 8 5 82
9 10 96 79 36 41 58 12 70 90 45 30 93 89 70 99 23 25 24 38 88 77 51 49 73 76 67 13 15 54 72 18 14 24 76 50 70 21 55 65 70 13 84 47 3 3 85 19 73 46
93 68 21 67 44 23 23 80 69 68 25 98 23 12 25 56 31 89 61 26 56 40 78 35 25 52 100 41 31 72 62 46 85 79 17 60 20 95 52 97 29 12 25 33 27 54 95 88 63 36 54 59 72 3 47 85 70 94 30 15 97 86 70 37 5 84 18 91 88 96 49 44 20 80 22 5 24 8 49 19 44 60 80 65 73 42 52 65 35 63 87 55 47 87 96 2 24 86
54 91 21 77 26 83 22 45 89 22 29 73 40 20 34 3 30 13 94 100 63 7 96 45 87 26 28 13 67 43 59 6 100 28 93
4 69 67 11 11 15 41 2 83 7 72 37 31 3 61 26 84 91 5 92 41 1 65 58 68 39 3 25 29 69 19 32 72
74 56 60 36 17 63 48 68 68 85 37 37 97 3 3 89 21 77 48 43 45 70 22 69 55 80 39 68 50 74 94 93 67 100 92 59
23 46 84 95 36 12 86 48 6 97 23 30 92 29 10 59 93 36 57 59 46 63 17 75 84 26 59 8 83 15 53 97 77 24 34 100 96
38 2 64 86 56 83 46 83 94 20 48 9 44 15 73 16 98 20 32 49 90 28 36
89 67 52 71 42 46 72 77 1 28 57 14 26 88 93 43 55 98 62 94 92 38 78 82 63 25 53 25 10 63 76 62 34 77 68 85 61 19 58 64 40 70 48 6 87 66 86 19 47 8 61 68 92 40 52 76 48 36 26 37 65 87 86 61 75 79 85 100 58 81 98 82 56 50 73 15 100 54 82 38 97 27 45 22 93 66
15 64 80 83 99 82 51 92 2 17 62 80 40 4 54 9 23 75 28 20 28 14 88 89 86 79 41 42 15 56 94 94 79 92 87 77 65 45 49 22 97 79 75 36 86 41 54 29 68 54 39 100 63 28 67 73 65 97 77 8 22 85 62 91 90 1 27 2 14 63 79 38 12 91 85 44 8
1 28 30 78 84 60 29 7 44 13 72 38 79 88 79 11 61 2 61 32 32 44 59 78 2 75 30 58 52 96 86 5 37 45 80 77 80 12 99 97 39 7 25 59 38 18 16 48 32 38 21 52 32 35 44 50 77 53 76 51 54 85 68 22 67 55 77 4 21 18 93 40 76
51 68 36 89 19 12 30 87 96 77 70 92 69 86 36 14 49 8 17 20 82 95 4 96 58 58 5 86 1 62 64 96 5 14 91 48 1 19 3 15 26 29 33 80 69 59 93 92 59 79 99 69 98 48 84 12 79 21 33
66 22 89 39 48 81 50 56 65 33 99 30 14 73 91 26 37 2 34 29 84 26 84 14 70 2 62 40 95 36 57 28 77 82 51 99 98 72 13 84 95 8 6 8 72 90 81 40 79 86 24 92 80 41 7 58 52 90 15 38 72 11 1 2 41 97 99 95 10 80 33 82 95 5 18 68 41 61
15 69 71 2 10 15 67 2 86 79 29 73 89 22 97 47 83 73 26 56 73 64 65 29 48 75 19 10 1 9 49 23 61 94 5 95 83 37 2 96 87
96 7 34 70 100 12 79 95 14 82 68 32 56 28 7 54 73 6 90 51 48 24 80 41 49 48 32 76 52 98 52 30 14 95 41 53 10 26 98 55 71 63 36 38 42 85 55 67 1 44 58 18
9 58 15 75 51 28 93 32 60 92 23 87 100 66 12 92 16 5 20 12 98 21 46 16 21 55 15 96 11 23 19 14 15 37 77 73 30 66 28 43 72 68 83 99 19 80 58 50 42 71 33 34 40 90 92 77 43 65 26 79 56 19
55 46 5 86 19 7 96 93 98 83 73 93 14 64 7 55 3 83 62 18 5 98 91 30 39 19 57 3 72 16 88 38 19 55 20 13 29 47 4 80 94 68 63 71 57 85 84 86 77 89 73 72 98 34 12 25 61 61 59 91 89 65 71 43
66 55 40 44 73 9 47 39 36 51 25 84 12 5 71 82 45 20 27 6 43 35 31 21 55 86 22 97 89 15 14 11 12 49 55 64 23 49 13 97 33 39 58 85 56 27 99 22 94 3 48 54
29 98 47 4 43 2 31 42 52 90 92 1 98 33 21 35 63 28 70 49 57 87 76 27 54 85 82 4 49 52 98 68 69 27 39 25 28 44 55 64 84 79 59 88 95 77 85 43 26 44 51 95 43
75 36
99 59 45 34 97 88 8 15 27 60 58 34 54 8 7 33 1 66 31 13 33
91 12 51 26 77 70 26 34 80 46 37 51 40 39 5 46 47 41 52 79 3 41 21 66 63 40 47 8 41 25 92 36 3 65 83 55 88 76 1 90 74 22 62 46 49 34 17 65 59 82 81 30 94 57 33 5 56 30 96 46 2 44 53 20 46 91 34 57 6 41 72 60 54 24 42 13 32 97 61 61 73 47 92
2 86 67 37 64 82 64 50 64 76 43 53 23 94 22 24 11 48 75 95
90 9 54 50 40 80 45 52 23 73 25 40 85 66 78 16 58 5 30 35
23 68
86 38 26 78 11 49 24 6 27 48 99 81 95 3 90 67 17 70 28 72 31 100 57 29 10 79 18 42 52 87 77 62 3 93 30 12 40 67 17 51 74 44 87 47 7 74 59 4 54 11 73 65 26 52 77 1 59 49 21 78 6 68
88 58 29 28 10 38 43 12 78 72 41 76 11 77 91 56 58 11 48 91 3 44 38 50 80 44
97 9 78 92 18 45 54 16 16 64 74 85 21 34 54 53 93 35
7 84 83 18 37 58 19 96 38 19 69 46 7 70 50 71 78 20 49 18 85 95 93
30 31 91 10 76 77 67 26 92 6 50 50 97 10 49 16 28 13 72 16 74 12 16 37 39 98 76 96 74 23 98 38 94 41 100 24 24 66 79 49 53 36 77 96 49 100 5 73 57 63 52 34 98
77 14 85 17 83 100 70 38 82 42 43 85 42 87 73 97 40 61 22 80 8 22 54 75 58 3 95 90 66 33 68 58 49 82 65 72 40 22 95 18 1 11 15 84 26 18 24 6 18
64 74 13 3 32 5 68 63 9 65 8 31 65 14 19 71 19 45 79 83 2 100 28 21 44 11 35 58 61 77 20 76 77 54 89 29 86 37 56 3 74 94 61 62 37 82 30 94 83 24 27 19 24 31 97 21 99 85 63 66 95 43 28 65 20 41 70 91 5 73 13 42 52 68 92 26 16 97 5 39 89 11 28 89 10 96 47 60 93 66 12 27 68 62 87 47 2
74 36 49 49 80 83 7 42 97 84 12 7 67 26 7 12 52 26 91 88 30 40 36 52 19 32 68 35 98 48 93 30 69 15 67 14 6 84 25 28 2 50 14 86 69 40 88 28 94 70 85 33 15 77 93 42 91 85 10 43 73 26 69 2 64 24 36 71 90 51 12 8 14 5 25 51 89 70 29 63 6 55 26 10 2 95 35 12
6 74 28 53 48 92 94 87 39 87 29 3 52 11 57 94 81 67 15 5 34 16 85 77 45 32 45 17 55 11 87 8 6 40 52 44 44 43 12 74 30 92 14 100 43 22 86 34 99 66 58 26 94 15 48 37 62 16 25 47
63 58 88 39 96 88 75 39 65 67 32 33 58 96 70 58 81 38 90 61 28 27 72 25 10 98 9 42 66 52 55 51 23 71 18 21 27 36 75 63 29 76 31 5 90 43 62 51 40 50 63 81 24 28 84 12 99 19 100 81 89 8 14 72 99 2 29 17 28 7 65 72 89 64 31 28 4 66 12 31 36 30 68 43 91 1 11 45 89 56 80 90 46 80 3 32 59 10
82 100 91 98 7 27 27 1 98 89 70 30 33 29 23 81 57 60 83 7 27 50 39 100 18 35 35 83 98 31 79 2 51 15 75 36 5 90 51 12 73 36 86 60 87 99 64 47 84 50 91 39 8 18 38 35 58 68 70 44 85 93 57 71 26 47 91 39 8 65 30 2 37 35 94 77 34 25 46
6 67 12 66 58 16 82 32 98 76 48 35 94 37 100 38 30 86 24 45 55 35 41 46 8 91 49 45 49 83 61 77 95 90 46 81 80 76 44 56 23 96 97 89 13 77 79 73 61 20 10 79 65 35 92 40 30 5 58
1 2 7 99 65 75 31 90 37 9 83 51 52 9 48 31 51 64 44 19 12 49 76 49 22 60 74 1 17 2 38 44 20 22 11 43 21 91 47 31 38
51 16 84 85 5 96 59 76 15 34 65 72 40 70 34 99 61 51 56 39 89 40 64 40 86 57 61 24 10 85 16 65 22 63 23 12 10 1 87 47 4 91 60 87 24 83 87 29 84 23 13 10 23 18 62 35 81 37 7 85 20 89 77 82 53
21 9 28 84 46 24 96 64 43 50 57 25 2 77 97 10 80 9 100 4 45 7 90 44 100 86 16 49 20 91 29 65 87
61 18 88 25 44 40 19 48 89 86 36 78 58 8 23 18 54 13 65 22 40 16 53 94 45 50 53 37 34 57 40 95 17 40 47 46 29 63 29 56 11 96 47 88 23 30 79 32 96 70 91 32 99 92 50 77 29 51 33 59 77 67 1 94 19 76 53 74 51 66 18 89 71 48 39 41 66 40 100 93 76 70 61 32 14 60 99 13 52
88 85 6 13 61 14 72 14 33 40 87 21 56 91 74 58 9 77 46 47 50 22 51 25 92 24 89 100 65 76 75 19 33 67 45 79 37 14 87 92 26 78 37 49 21 57 69 5 27 33 79 14 23 48 16 79 22 42 27 66 80 26 78 26 47 48 9 71 6 5 46 68 78 1 55 65 92 66 55 50 74 100 45 4 3 94 7 58 54 83 40 90
36 68 53 60 34 25 34 32 38 90 20 80 98 39 15 50 70 61 50 87 60 42 28 68 55 99 10 94 98 16 95 52 93 95 33 57 47 34 14 82 15 88 83 26 85 4 66 25 56 94 47 74 2 52 100 25 71 98 9 40 19 7 71
97 94 47 97 43 15 77 69 30 97 20 36 93 78 83 10 25 44 31 17
59 91 36 13 66 22 83 96 50 18 46 32 64 58 10 44 76 47 75 15 32 62 9 96 73 31 24 43 90 74 90 69 85 87 59 96 32 19 24 91 18 98 86 2 94 21 57 12 24 12 65 93 88 21 95 36 84 46 81 85 98 28 76 46 5 94 19 37 79 35 20 4 93 15 49 30 36 52 9 66
73 21 92 77 10 14 17 44 72 67 29 32 57 92 34 25 80 69 39 86 67 18 21 62 23 50 89 70 33 53 48 89 49 80 90 80 69 39 89 26 51 40 28 81 64 38 27 51 99 23 61 57 88 46 96 89 68 92 37 69 16 53 37 29 33 31 43 41 88 49 74 83 88 35 17 21 37 45 18 64 82 14 45 22 97 95 28 40 78 38 69 32
86 2 51 15 37 22 9 78 77 90 72 8 42 96 100 84 37 74 3 71 54 20 22 80 89 3 15 36 82
32 41 37 66 13 84 17 42 62 35 64 85 76 45 5 48 98 21 9 46 51 6 82
86 85 40 31 36 61 70 39 5 31 73 86 89 20 32 68 60 25 88 70 23 100 36 48 98 36 95 31 10
31 77 86 29 88 57 25 31 8 88 59 73 78 16 32 35 46 51 38 54 77 19 76 37 61 28 54 27 34 90 24 21 49 32 79 8 41 60 64 74 12 78 92 7 34 31 51 88 20 9 66 30 89 79 90 60 69 12 23 88 7 80 50 51 28 60 82 57 6 1 96 78 22 54 53 65 94 4 58 9 81 25 11 61 1 13 14 83 43 92 41 40 50
14 72 9 86 54 42 20 64 61 93
81 100 38 31 14 50 82 60 25 34 93 66 18 80 98 57 39 69 44 72 47 17 58 95 16 45 82 67 5 6 23 60 43 13 24 96 26 8 96 82 38 32 21 36 79 40 30 36 25 32 13 72 10 56 8 21 84 96
35 26 74 74 92 39 90 88 78 30 87 58 47 48 83 71 98 79 30 27 16 71 64 42 14 45 24 44 47 7 62 64 36 92 82 73 34 40 89 18 39 53 82 9 69 38 98 92 33 47 87 38 22 52 80 13 53 48 51 63 73 25 26 87 27 88 99 19 96 18 31 4 56 14 72 87 33 90 75 66
30 61 77
68 4 13 59 63 20 24 44 70 36 89 52
5 67 49 36 80 66 73 75 17 63 17 60 90 80 98 12 11 35 80 28 88 27 36 73 84 10 11 93 72 63 31 31 33 15 17 66 22 24 96 5 38 2 95 65 45 53 62 20 39 33 77 100 32 7 27 37 54 65 68 28 49 93
40 49 71 58 13 72 82 8 34 85 53 90 5 61 70 87 69 79 21 17 61 20 31 72 12 75 37 90 6 79 61 81 63 70 6 9 79 16 7 45 100 9 2 20 64 39 16 26 40 20 79 35 72 9 20 31 72 83 61 41 69 31 25 74 79 7 31 16 80 10 36 27 28 22
14 27 40 5 69 57 9 71 45 98 29 7 15 86 46 32 92 60 39 56 30 17 52 89 67 97 24 16 80 73 35 22 88 98 7 59 14 85 82 49 97 59 8 61 30 69 91 77 17 95 21 32 100 23 41 80 5 58 85 87 22 60 85 72 5 80 70 83 48 15 77 65 77 52 10 36 19
53 58 30 25 8 86 93 25 91 76 17 10 91 96 77 44 56 35
69 45 7 28 57 46 44 84 79 18 94 28 90 7 77 89 88 60 8 87 2 60 18 50 28 36 13 50 8 47 92 13 48 8 12 90 97 3 9 22 72 11 64 67 77 100 70 77 32 71 26 28 69 89 76 44 36 98 55 10 15 18 92 69 78 23 95 6 60 31 28 95 90 86 57 56 19 91 20 35 3 26 67 38 29 66 20 4 26 79 88 81 86 36 68 51 71 45
72 62 35 79 1 90 60 48 52 96 70 81 79 45 38 21 50 73 91 13 35 46 22 99 86 4 51 46 22 69 38 97 70 67 62 2 79 24 70 75 5 29 48 37 58 81 22 52 69 70 95 95 92 53 93 4 97 42 48 57 48 83 16 7 60 19 85 62 20 57 52 77 40 81 18 14 56 71 85 39 20 13 10 39 70 24 96 96 13 94 77 41 83 40 60 31 93 37 100 84
24 35 47 19 1 47 61 99 62 76 47 96 47 10 49 75 47 66 19 97 75 19 60 68 1 42 38 5
84 2 77 21 68 21 93 26 67 78 25 22 16 32 29 19 9 47
79 34 18 74 26
93 14 3 24 92 11 45 98 78 76 97 61 23 63 68 12 36 99 9 11 86 21 35 85 60 24 61 25 74 31 46 16 86 18
67 60 11 46 82 48 67 2 69 97 30 41 77 35 14 61 72 29 10 22 50 35 71 39 79 35 34 78 95 33 3 75 88 50 55 28 38 65 28 53 12 48 43 40 27 42 18 57 24 6 79 21 35 62 93 56 100 98 21 50 87 60 82 27 49 14 24 79 94 27 20 77 95 65 29 90 42 39 6 23 1 32 17 66 23 34 56 8 15 74 60 30 88 68 79 25 20 79 28 84
95 62 69 27 81 70 99 71 1 54 10 73 6 52 10 35 12 82 37 93 10 45 53 59 35 3 30 94 85 13 93 7 20 11 14 21 73 59 20 7 6 21 31 8 45 1 62 98 11 63 20 54 86 79 83 97 26 8 92 37 84 82 33 58 45 84 25 44 58 53 77 7 4 2 71 38 97 82 83 79 93 75 16 42 67 52 85 5 68 19 14 73 98 66 56 73 60 64
42
74 8 95 57 21 90 81 53 33 90 66 27 83 51 64 72 2 27 45 69 88 33 90 10 9 62 34 30 81 82 37 65 25 74 72 15 25 97 61 37 64 67 87 83 51 26 34 49 99 56 87 28 26 61 36 77 34 36 19 27 71 53 6 58 46 8 50 31 94 22 49 40 44 47 46 17
75 49 50 43 69 11 1 19 24 91 96 20 60 76 5 14 37 88 57 83 71 11 59 88 2 80 80 26 20 19 94 48 63 47 83 48 30 71 56
32 38 91 85 10 58 77 13 2 48 2 4 75 100 26 36 25 32 58 78 19 78 22 4 49 86 79 47 11 20 21 73 28 62
13 47 7 46 30 63 95 37 42 48 33 76 21 26 13 96 10 85 26 94 56 7 41 94 55 22 70 82 59 34 39 28 45 70 28 17 90 69 29 70 41 10 6 94 31 78 61 6 40 91 64 43 88 11 96 59 2 18 47 73 35 90 80 48 65 15 40 27 92 60
46 82 40 53 31 74 50 48 80 11 50 33 13 48 13 10 40 73 5 89 19 91 8 76 67 53 92 80 70 24 61 89 42 17 29 43 22 46 43 37 13 1 75 65 9 97 49 48 80 28 55 7 88 10 34 71 5 77 95 66 48 8 19 26 9 13 92 87 98 26 94 38 69 53 17 11 32 7 98 13 79 73 46
83 17 72 14 77 65 25 87 90 7 52 56 85 19 25 20 2 78 39 94 66 13 4 20 85 27 28 6 63 26 8 62 86 58 19 7 71
10 81 92 48 39 72 11 86 9 27 69 72 82 91 25 97 25 19 60 67 96 30 42 59 19 14 4 87 21 9 38 50 91 57 65 87 91 10 56 64 98 81 78 50 24 74 51 72 54 47 32 31 86 99 78 60 50 77 95 92 66 75 90
55 45 29 53 83 94 88 7 13 32 68 10 58 28 10 90 51 84 84 50 21 46 32 1 30 18 9 33 11 36 95 65 12 74 29 40 32 20 11 53 81 64 18 57 85 59 17 36 47 70 14 40 23 11 33 10 15 55 50 86 35 57 52 59 76 65 57 53 86 90 100 22 30 54 95
43 23 30 81 58 92 82 99 2 83 31 77 99 29 48 95 94 76 7 79 67 73 44 4 61 2 54 19 43 39 65 8 89 38 95 1 23 99 57 83 52 45 73 93 27 40 18 21 72
82 83 81 85 6 89 85 4 60 22 19 64 80 92 23 29 91 80 89 82 3 31 13 46 41 56 28 49 53 99 64 59 56 55 82 11 48 55 26 55 47 42 66 10 64 3 18 29 95 19 18 87 61 60 91 93 86 62 35 52 100 53 61
96 50 9 34 71 4 13 3 17 34 11 44 94 48 78 76 14 30 50 31 32 96 36 46 98 70 100 24 61 15 50 12 14 100 98 39 57 97 96 27 55 16 44 23 65 80 48 42 3 54 50 41 18 70 53 8 71 40 51 62 9 8 80 91 79 97 60 83 17 69 66 84 33 67 67 8 20 81 81 62 48 67 90 61 47 14 25 3 17 67 30 55 70
7 96
22 33 83 49 83 47 12 41 49 56 94 65 6 100 2 28 90 32 1 82 5 35 74 60
71 71 84 20 83 86 23 93 74 48 23 8 93 92 12 86
91 28 43 39 81 97 80 72 64 75 52 100 99 46 100 72 9 96 30 31 87 79
51 28 61 53 80 88 67 59 31 16 47 5 91 99 34 83 27 59 4 24 22 52 25 35 75 16 86 4 36 99 95 71 16 58 70 64 49 65 49 63 42 53 2 82 98 1 37 53 44 77 33 19 67 42 72 42 77 41 1 39 60 27 91 76 8 70 69 30 15 57 3 75 46 69 78 23 79 99 68 73 86 20 90 51 97 49 39 81 77 85 56
77 4 88 79 69 43 38 29 27 5 75 4 36 37 92 63 76 38 21 27 6 2 76 17 51 95 37 61 14 31 71 33 75 32 68 70 57
80 4 89 84 83 37 100 80 50 62 64 48 93 28 97 28 87 54 21 89 9 71 63 77 61 66 2 42 11 17 14 97 17 24 16 20 26 76 66 75 15 22 89 47 89 85 56 35 88 29 32 26 76 1
81 59 67 26 33 43 33 63 65 6 47 62 90 85 37 50 33 56 64 47 68 28 46
99 71 61 54 2 91 5 67 2 90 54 77 79 88 77 45 82 21 5 51 28 88 39 57 31 83 6 34 64 23 33 82 45 13 38 67 56 6 82 86 44 72 63 67 12 33 60 57 88 75 32 60 95 79 78 86 51 38 70 92 7 80 73 11
58
54 55 39 86 47 97 18 94 68 53 12 39 10 78 87 17 23 51 69 44 93 16 44 71 47 69 66 33 62 1 7 67 20 27 54 37 81 97 23 12 13 52 79 5 99 31 46 5 2 2 44 36 84 28 60 82 98 60 17
50 83 73 50 35 90 82 89 39 76 16 90 83 62 38 40 79 16 37 60 69 16 51 80 41 53 51 53 42 100 58 36 32 74 28 31 5 74 70 99 54 95 42 7 12 17 54 64 76 31 42 35 7 90 85 99 67 45
49 89 92 37 12 5 81 63 41 37 54 69 77 94 31 15 83 27 39 90 34 87 35 92 15 6 7 86 86 8 31 52 3 76 12 94 56 8 87 87 16 32 49 23 83 66 2 49 58 6 30 12 36 24 14 96 65 36 5 68 8 63 89 47 26 65 24 41 51 63 63 21 98 6 32 28 30 42 34
31 92 58 79 14 90 29 26 61 72 85 93 46 82 70 84 1 61 92 56 10 80 78 54 59 69 16 73 5 93 31 52 53 76 21 34 99 77 30 56 11 84 24 21 45 79 20 45 2 87 36 89 75 60 62 45 27 43 100 13 5 21 23
41 63 99 70 9 29 44 70 40 91 42 14 13 5 88 89 26 9 15 19 7 100 81 79 1 18 82 24 36 60 48 6 50 97 49 14 22 84 53 37 7 78 78 10 69 94 58 71 74 90
8 83 94 28 13 54 84 28 49 35 78 53 64 26 52 52 98 32 77 6 68 47 46 42 59 39 35 74 11 89 76 99 64 94 42 12 66 65 79 100 53 14 56 50 18 19 59 89 88 41 55 98 95 2 5 93 29 92 27 3 99 40 63 55 11 43 92 95 55
46 86 86 48 28 13 82 84 18 77 56 50 50 29 53 35 51 39 82 46 34 4 6 7 28 73 84 92 62 1 43 43 22 74 25 30 15 64
99 14 84 58 30 76 12 35 27 12 97 83 56 72 84 1 91 50 69 81 94 43 100 87 51 35 60 34 41 35 44 87 64 36 66 32 31 24
75 13 8 80 96 87 85
49 82 65 70 84 43 57 57 35 58 12 30 79 87 56 29 21 99 24 99 80 12 79 52 97 82 30 46 93 70 19 1 81
81 93 91 45 60 51 14 26 33 15 21 24 38 33 81 25 2 84 14 77 85 14 71 16 44 56 60 16 1 34 67 96 54 92
56 13 80 5 64 17 80 66 72 88 51 35 59 18 94 21 48 85 30 55 60 22 91 97 79 89 58 62 40 84 19 92 85 45 51
52 36 67 2 99 88 93 65 91 12 28 17 45 73 32 43 52 42 4 87 76 84 88 26 32 56 19 39 13 18 99 77 21 5 19 61 100 59 62 97 97 70 23 96 3 71 42 16 56 57 93 96 15 19 63 12 28 3 71 96 39 44 36 62 38 97 66 79 38 38 3 15 69 31 77
38 32 16 97 92 75 64 1 4 88 60 12 22 65 82 16 28 14 63 71 79 81 17 76 43 51 7 67 46 92 49 39 48 59 27 40 31 75 9 70 49 20 87 73 30 48 26 92 83 11 40 53 22 8 28 84 22 67 15 7 42 58 15 37 25 45 98 99 96 70
7 26 72 1 87 2 46 66 14 55 59 41 24 94 21 41 27 19 4 99 19 30 40 95 42 62 44 97 26 86 58 45 33 1 24 96 90 52 14 32 10 87 62 99 84 80 73 92 46 78 32 12
5 8 99 81 68 60 81 34 9 68 63 68 30 63 89 48 15 71 41 1 9 51 10 88 82 12
32 79 89 18 80 47 21 72 79 76 72 26 79 21 6 96 79 12 48 25 1 22 7 2 63 2 12 49 57 12 55 1 74 97 29 39 24 72 30 59 88 2 99 27 98 14 66 10 76 6 2 56 62 39 43 60 41 84 52 34 31 82 82 36 11 90 80 86 45 80
72 41 42 47 75 100 58 17 56 92 82 67 17 82 63 21 5 25 90 74 50 17 93 26 79 99 93 7 17 85 30 73 1 62 87 63 90 12 56 25 22 6 85
4 90 29 23 83 68 19 73 95 71 64 82 52 90 51 48 10 18 31 47 16 21 52 21 60 3 34 19 72 2 83 88 38 96 27 82 16 80 17 35 38 15 30 63 75 22 70 3 58 21 74 18 89 49 3 48 6 55 28 65 56 42 41
2 73 60 34 89 51 18 35 55 84
64 35 87 70 5 95 3 20 47 5 91 17 5 1 21 94 44 40 88 21 89 33 67 67 32 31 13 98 46 17 72 93 50 3 31 53 33 53 44 67 92 2 86 28 25 74 38 65 47 88 5 17 2 24 17 39 3 68 80 74 48 35 12 52 87 51 98 10 48 76 49 4 89 24
1 90 2 54 50 83 91 38 94 64 82 69 32 65 61 16 19 48 29 66 39 58 89 11 51 75 21 70 33 82 93 68 3 81 9 50 6 24 95 66 7 2 63 78 22 35 54 52 43 67 43 33 92 40 18 14 85
59 67 17 2 68 70
45 58 71 34 60 47 34 33 28 34 32 22 80 14 74 6 64 10 47 2 66 66 80 17 18 17 52 84 81 54 42 54 98 64 94 43 34 23 13 89 2 46 28 51 98 33 48 8 5 18 4 85 12 17 99 53 68 99 36 89 71 20 100 20 47 15 3 23 3 28 21 68 63 55 49 98 57 52 58 9
85 24 4 25 23 94 43 49 91 30 66 10 57 20 43 48 28 72 14 35 79 54 45 12 76 15 48 18 54 55 9 62
13 8 3 10 61 78 41 46 40 34 53 2 61 90 90 50 47 72 28 62 27 99 8 66 54 2 3 53 48 50 36 67 89 46 38 95 71 4
57 50 67 19 66 40 1 4 37 5 89 29 78 53 41 41 29 2 29 43 85 85 38 91 98 88 24 23 2 45 23 17 7 83 27 10 54 11 14 39 21 20 18 6 32 100 36 88 55 39 90 1 59 19 2 83 83 94 20 37 21 12 60 31
27 54 35 29 97 29 22 56 9 21 3 69 8 3 23 33 3 31 33 54 29
51 87 69 3 56 2 40 80 1 66 88 97 94 23 87 34 74 75 50 53 78 2 7 32 38 6 61 21 44 64 35 23 50 99 56 19 44 58 15 26 91 17 18 17 85 30 51 68 12 39 50 33 70 36 54 37 53 41 86 76 10 9 5 59 57 63 49 87 37 11 12 100 43 81 82 38
49 79 71 4 6 82 27 12 62 67 25 12 42 40 91 45 67 57 11 96 52 48 80 32 2 65 79 1 64 30 17 87 69 95 76 61 79 9 88 100 37 4 89 12 45 63 42 4 57 5 87 85 87 67 97 37 57 40 18 96 82 40 34 37 82 91
44 42 1 22 97 75 44 72 12 53 92 52 99 7 40 66 97 84 24 72 8 35 29 67 32 21 66 89 17 83 20 38 91 13 80 4 20 44 39 23 90 65 51 100 56 75 60 36 65 43 91 40 86 68 34 47 44 56 14 21 13 43 90 63 77 100 87 6 95 11 41 17 52 63 52 51 78 53 80 75 1 82 36 59 82 29
61 22 71 49 12 21 13 45 68 94 36 92 51 86 19 91 96 36 50 46 77 1 35 9 8 11 40 95 2 46 95 36 75 44 31 3 79 34 41 77 29 28 60 43 74 74 30 95 19 62 91 4 76 93 35 69 40 73 45 32 26 42 63 67 20 54 19 26 5 94 5 53 86 44 22 2 75 13 12 75 100 33 99 75 96 3 79 17 55 67 67 21 12 100 20 45 48 54 59 100
12 82 60 50 4 28 99 16 87 24 76 27 59 63 74 96 13 1 93 22 16 39 26 19 29 71 30 72 31 13 39 98 27 46 48 58 97 48 18 22 17 12 13 81 92 20 40 29 36 89 33 71 89 44 35 72 71 9 90 14 100 2 43 82 3 93 3 63
98 22
94 59 34 96 5 53 95 35 37 1 24 22 70 7 70 93 96 12 32 33 36 68 56 55 62 100 72 22 19 72 16 90 92 1 53 54 73 43 41 55 32 55 17 61 95 39 88 50 54 58 52 85
21 45 79 98 25 48 21 99 59 15 29
15 86 71 7 55 96 46 29 53 90 41 41 20 74 44 95 70 12 49 28 54 89 25 41 37 68 73 9 15 96 30 6 63 54 63 46 83 98 15 76 46 46 89 53 35 20 32 51 93 76 70 27 7 58 29 28 42 63 49 8 20 71 38 19 10 58 85 78 38 7 72
89 69 86 1 58 20 60 56 62 64 79 90 92 82 77 88 70 26 72 78 90 22 66 7 3 71 60 98 70 16 47 55
32 31 98 13 69 48 48 26 25 50 1 29 38 51 95 35 2 18 19 28 76 42 90 74 98 13 36 67 45 81 97 61 90 52 90 54 60 22 62 10 40 97 60 40 77 41 48 41 76 25 95 16 83 66 16 31 42 99 64
4 60 80 12 26 86 38 27 69 83 80 2 44 41 51 52 82 88 92 34 35 52 99 7 72 51 99 32 9 63 65 19 62 95 6 76 41 60 94 42 30 55 39 21 23 78 50 59 90 9 29 43 66 4 72 6 83 38 62 63 9 27 100 55
91 39 33 89 38 25 49 99 3 18 48 100 85 6 38 54 9 97 18 2 23 36 71 10 81
78 37 81 30 51 94 92 29 88 77 70 18 3 19 62 33 69 42 9 58 70 17 18 17 77 28 61 34 13 46 4 73 5 35 40 19 70 7 44 18 40 2 76 16 39 100 2 96 55 90 83 38 93 69 60 74 78 8 91 46 66 26 97 4 4 34 74 19 27 86 82 16 14 71 2 52 49 54 41 2 19 16 45 17 89 10 47
78 5 59 59 91 51 44 36 27 80 30 84 20 37 8 2 68 93 22 76 26 8 59 27 8 12 91 94 87 92 12 50 22 78 85 6 72 20 77 93 65 94 64 11 72 66 24 49 35 60 25 75 9 50 52 100 53 89 71 56 22 34 62 69 67 87 64 68 29 41 83 68 79 91 55 10 52 14 21 89 35 6 53 60
34 90 45 5 55 16 62 79 61 90 41 57 31 87 56 33 49 79 60 26 5 79 38 2 37 95 93 35 27 75 41 92
65 29 79 58 78 73 54 36 5 44 26 17 15 39 41 15 19 34 32 8 46 90 90 2 11 100 23 71 36 55 37 47 74 21 98 13 4 90 79 54 44 82 19 59 51 95 30 41 86 40 33 2 69 11 68 2 46 1 25 71 44 94 71 95 35 28 31 12 29 46 40 98 8 84 58 72 88 12 93 17 97 56 29
49 33 32 55 84 90 48 20 56 68
62 31 14 11 29 33 60 53 31 24 34 15 73 84 56 66 37 57 33 55 70 86 98 59 25 30 97 43 16 67 98 88 10 83 91 22 24 15 34 2 4 83 57 88 93 17 41 55 43 16 55 60 15 44 32 5 34 78 48 81 94 48 19 40 87 78 98 64 47 17 53 27 20 16 18 12 7 34 8 16 36 9 80 76 71 17 33 15 89 85 34 70 39 81
16 32 97 4 38 2 13 77 15 23 53 11 43 10 74 46 81 5 17 12 100 26 1 91 51 7 38 21 54 53 81 50 90 3 23 42 62 50 37 17 85 43 25 69 3 13 34 12 8 26 94 35 79 35 47 15 82 10 41 20 98 10 25 44 20 58 99 33 75 70 3 75 47 82
78 38 23 11 89 35 35 93 76 87 26 95 69 43
27 57 6 96 97 1 80 91 77 52 53 86 24 75 98 93 20 29 93 36 35 37 27 48 32 31 60 97 58 15 61 37 98 64 19 84 34 16 36 67 20 66 8 81 39 9 3 47 95 99 97 14 38 55 28 63 26 78 25 70 15 24 52 40 21 45 73 69 94 43 37 20 5 53 67 26 83 60 87 90 90
55 15 27 14 46 11 23 58 45 29 100 37 21 8 88 72 75 60 71 73 41 34 89 80 83 45 79 27 74 94 25 10 49 3 81 47 18 76 78 73 51 100 77 70 20 13 52 32 15 12 85 9 71 67 94 3 19 2 50 9 10 32 37 91 88 28 48 82 37 26 55 68 41 16
44 52 11 11 81 58 30 8 25 75 17 31 36 5 46 24 81 56 31 60 4 89 76 22 63 79 26 32 11 50 80 2 46 82 22 2 97 94 65 50 64 7 52 41 51 55 78 74 45 55 79 92 11 94 85 33 49 38 96 87 74 31 19 12 5
